run:
[7][9][3][9][2][1][4][0][2][7]
[0][2][0][8][5][0][9][4][5][2]
[6][1][9][1][0][9][8][2][2][1]
[1][2][4][6][5][6][9][1][7][4]
[6][6][8][2][1][6][9][7][5][9]
[4][5][1][8][8][0][1][5][1][8]
[1][2][8][6][8][7][5][4][1][9]
[0][4][5][2][3][4][5][0][1][4]
[0][4][1][5][0][6][7][3][0][7]
[1][7][8][2][2][6][4][1][1][5]
7	
9	
3	
9	
2	
1	
4	
0	
2	
7	


0	
2	
0	
8	
5	
0	
9	
4	
5	
2	


6	
1	
9	
1	
0	
9	
8	
2	
2	
1	


1	
2	
4	
6	
5	
6	
9	
1	
7	
4	


6	
6	
8	
2	
1	
6	
9	
7	
5	
9	


4	
5	
1	
8	
8	
0	
1	
5	
1	
8	


1	
2	
8	
6	
8	
7	
5	
4	
1	
9	


0	
4	
5	
2	
3	
4	
5	
0	
1	
4	


0	
4	
1	
5	
0	
6	
7	
3	
0	
7	


1	
7	
8	
2	
2	
6	
4	
1	
1	
5	
